YYYY MM DD SST_MIN SST_MAX SST@90th_HS SSTA@90th_HS 90th_HS>0 DHW_from_90th_HS>1 BAA_7day_max
2022 01 01 28.4100 29.5000 29.2900      2.1684       0.4000    0.0000            1
2022 01 02 28.1300 29.4300 28.9000      1.6290       0.2200    0.0000            1
2022 01 03 27.9500 29.2400 28.7300      1.2681       0.0800    0.0000            1
2022 01 04 27.8400 29.0000 28.5300      1.2752       0.0000    0.0000            1
2022 01 05 27.5800 28.8900 28.3100      0.8381       0.0000    0.0000            1
2022 01 06 27.7500 29.1300 28.6300      1.3997       0.0000    0.0000            1
2022 01 07 27.5900 29.0100 28.4300      1.2677       0.0000    0.0000            1
2022 01 08 27.4500 28.9300 28.3600      0.9316       0.0000    0.0000            1
2022 01 09 27.4200 28.8300 28.5000      1.5497       0.0000    0.0000            1
2022 01 10 27.0900 28.6900 28.4000      0.8461       0.0000    0.0000            0
2022 01 11 26.8100 28.5200 27.9800      0.5506       0.0000    0.0000            0
2022 01 12 26.6400 28.3800 27.8400      0.3471       0.0000    0.0000            0
2022 01 13 26.6000 28.4200 27.7800      0.6461       0.0000    0.0000            0
2022 01 14 26.7400 28.5300 27.8500      0.3594       0.0000    0.0000            0
2022 01 15 26.5000 28.5500 27.9200      0.4600       0.0000    0.0000            0
2022 01 16 26.5800 28.6900 28.2700      0.7797       0.0000    0.0000            0
2022 01 17 26.4800 28.8700 28.3900      1.1097       0.0000    0.0000            0
2022 01 18 26.6100 28.6800 28.2100      0.7871       0.0000    0.0000            0
2022 01 19 26.6700 28.5500 28.1400      0.6813       0.0000    0.0000            0
2022 01 20 26.5400 28.5900 28.2300      1.4703       0.0000    0.0000            0
2022 01 21 26.6300 28.5600 28.1200      1.0210       0.0000    0.0000            0
2022 01 22 26.5200 28.5300 27.9100      0.4223       0.0000    0.0000            0
2022 01 23 26.5000 28.4500 27.8000      0.7461       0.0000    0.0000            0
2022 01 24 26.3700 28.1100 27.6400      0.1500       0.0000    0.0000            0
2022 01 25 25.6100 28.0700 27.3800     -0.1306       0.0000    0.0000            0
2022 01 26 25.5500 27.9400 27.2300     -0.2335       0.0000    0.0000            0
2022 01 27 25.5600 27.9800 27.1700      0.1065       0.0000    0.0000            0
2022 01 28 25.4600 28.0000 27.4000      0.3261       0.0000    0.0000            0
2022 01 29 25.5000 28.3300 27.2800     -0.2477       0.0000    0.0000            0
2022 01 30 25.5600 28.1700 27.5600      0.8710       0.0000    0.0000            0
2022 01 31 25.4900 28.2600 27.4700     -0.0619       0.0000    0.0000            0
2022 02 01 25.6400 28.1500 27.3500     -0.1932       0.0000    0.0000            0
2022 02 02 25.9100 28.2400 27.4000     -0.1355       0.0000    0.0000            0
2022 02 03 25.9900 28.0600 27.6800      0.2261       0.0000    0.0000            0
2022 02 04 26.2300 28.4400 27.8900      0.2900       0.0000    0.0000            0
2022 02 05 26.3500 28.1900 27.7600      0.3065       0.0000    0.0000            0
2022 02 06 26.5400 28.2000 27.6800      0.0600       0.0000    0.0000            0
2022 02 07 26.4700 28.1900 27.8600      0.2839       0.0000    0.0000            0
2022 02 08 26.3900 28.4100 28.0000      0.4394       0.0000    0.0000            0
2022 02 09 26.3500 28.1400 27.7600      0.1729       0.0000    0.0000            0
2022 02 10 26.3000 28.2200 27.6400      0.1129       0.0000    0.0000            0
2022 02 11 26.2800 28.1500 27.7300      0.2565       0.0000    0.0000            0
2022 02 12 25.9900 27.9100 27.5300      0.1010       0.0000    0.0000            0
2022 02 13 26.2800 28.1200 27.7000      0.0006       0.0000    0.0000            0
2022 02 14 26.3400 28.1000 27.7300      0.3487       0.0000    0.0000            0
2022 02 15 26.3700 28.1500 27.7600      0.1000       0.0000    0.0000            0
2022 02 16 26.2300 28.1700 27.8200      0.3096       0.0000    0.0000            0
2022 02 17 26.4700 28.3700 27.9700      0.4579       0.0000    0.0000            0
2022 02 18 26.2000 28.6900 28.0300      0.4589       0.0000    0.0000            0
2022 02 19 26.4300 28.6700 28.0700      0.4771       0.0000    0.0000            0
2022 02 20 26.8100 28.7800 28.2400      0.4296       0.0000    0.0000            0
2022 02 21 26.7900 28.6900 28.1600      0.3336       0.0000    0.0000            0
2022 02 22 26.5800 28.5500 28.1600      0.4025       0.0000    0.0000            0
2022 02 23 26.5200 28.5500 28.2200      0.3486       0.0000    0.0000            0
2022 02 24 26.5400 28.4200 28.1000      0.4007       0.0000    0.0000            0
2022 02 25 26.7800 28.3400 27.8100      0.4857       0.0000    0.0000            0
2022 02 26 26.8000 28.4000 28.1300      0.7021       0.0000    0.0000            0
2022 02 27 26.8300 28.4800 27.9500      0.5343       0.0000    0.0000            0
2022 02 28 26.9500 28.5400 27.9900     -0.0136       0.0000    0.0000            0
2022 03 01 26.8800 28.5200 27.9700      0.5150       0.0000    0.0000            0
2022 03 02 26.8400 28.4000 27.9900     -0.0518       0.0000    0.0000            0
2022 03 03 26.6100 28.2800 27.9400      0.6057       0.0000    0.0000            0
2022 03 04 26.4800 28.1300 27.6200     -0.5171       0.0000    0.0000            0
2022 03 05 26.4500 28.3000 27.6300      0.0307       0.0000    0.0000            0
2022 03 06 26.6000 28.4500 27.8100     -0.3818       0.0000    0.0000            0
2022 03 07 26.5500 28.2700 27.6500     -0.5643       0.0000    0.0000            0
2022 03 08 26.4900 28.3400 27.6600     -0.4550       0.0000    0.0000            0
2022 03 09 26.4500 28.3100 27.5700     -0.6979       0.0000    0.0000            0
2022 03 10 26.4700 28.4300 27.8300     -0.0882       0.0000    0.0000            0
2022 03 11 26.5000 28.4100 27.7500     -0.1400       0.0000    0.0000            0
2022 03 12 26.5100 28.4700 27.6700     -0.6739       0.0000    0.0000            0
2022 03 13 26.7300 28.6100 27.8600     -0.1807       0.0000    0.0000            0
2022 03 14 26.7700 28.5000 27.9000     -0.1607       0.0000    0.0000            0
2022 03 15 26.7200 28.4700 27.9400     -0.1900       0.0000    0.0000            0
2022 03 16 26.8000 28.5200 28.0100      0.0313       0.0000    0.0000            0
2022 03 17 26.7600 28.4400 27.9200     -0.0774       0.0000    0.0000            0
2022 03 18 26.8500 28.5500 27.7800     -0.6623       0.0000    0.0000            0
2022 03 19 26.8400 28.6500 27.7900     -0.2526       0.0000    0.0000            0
2022 03 20 27.0700 28.5800 27.9800     -0.1348       0.0000    0.0000            0
2022 03 21 27.3200 28.8700 28.4400      0.3319       0.0000    0.0000            0
2022 03 22 27.5700 29.1300 28.7100      0.5910       0.0000    0.0000            0
2022 03 23 27.6200 29.1400 28.8000      0.6326       0.0000    0.0000            0
2022 03 24 27.7000 29.2000 28.6300      0.1829       0.0000    0.0000            0
2022 03 25 27.8400 29.1500 28.8000      0.3500       0.1400    0.0000            1
2022 03 26 27.7300 29.5700 29.0900      0.5884       0.4400    0.0000            1
2022 03 27 27.9300 29.6100 29.2200      0.7500       0.5600    0.0000            1
2022 03 28 28.0900 29.5400 29.3600      0.8435       0.7100    0.0000            1
2022 03 29 28.0500 29.8300 29.4700      1.0010       0.8200    0.0000            1
2022 03 30 27.9400 29.7700 29.4500      0.9242       0.7900    0.0000            1
2022 03 31 28.0400 29.6900 29.4800      0.9645       0.8000    0.0000            1
2022 04 01 28.2900 29.7900 29.5200      0.9855       0.8500    0.0000            1
2022 04 02 28.4600 29.9400 29.7400      1.1958       1.0700    0.1529            2
2022 04 03 28.6000 30.0500 29.7400      1.1806       1.0800    0.3071            2
2022 04 04 28.6100 30.1400 29.7300      1.1865       1.0800    0.4614            2
2022 04 05 28.7000 30.2000 29.7600      1.3103       1.1200    0.6214            2
2022 04 06 28.8500 30.2600 29.8600      1.2842       1.2000    0.7929            2
2022 04 07 28.9600 30.3400 29.8700      1.2897       1.2200    0.9671            2
2022 04 08 29.1100 30.2700 29.8600      1.3800       1.2400    1.1443            2
2022 04 09 29.4100 30.2600 29.8500      1.2581       1.2000    1.3157            2
2022 04 10 29.3400 30.3000 29.9300      1.2832       1.1800    1.4843            2
2022 04 11 29.3300 30.2000 29.8100      1.1961       1.1600    1.6500            2
2022 04 12 29.4000 30.0700 29.7700      1.1423       1.1200    1.8100            2
2022 04 13 29.4700 30.3100 29.9200      1.3006       1.2600    1.9900            2
2022 04 14 29.5000 30.2000 29.9400      1.2603       1.2400    2.1671            2
2022 04 15 29.3300 30.3100 30.0500      1.2800       1.2800    2.3500            2
2022 04 16 29.2100 30.2600 29.9800      1.2583       1.2200    2.5243            2
2022 04 17 29.1000 30.1700 29.8900      1.1353       1.0600    2.6757            2
2022 04 18 29.0500 30.0800 29.8000      1.0580       0.9500    2.6757            2
2022 04 19 29.0100 30.0600 29.8500      1.1053       0.9600    2.6757            2
2022 04 20 29.0500 29.9600 29.7000      1.0267       0.8500    2.6757            2
2022 04 21 29.0100 29.8800 29.4400      0.9900       0.7900    2.6757            2
2022 04 22 28.8400 29.9000 29.5800      1.0160       0.7500    2.6757            2
2022 04 23 28.9500 29.8100 29.4500      1.0133       0.7200    2.6757            2
2022 04 24 28.9200 29.7700 29.4400      1.0620       0.7500    2.6757            1
2022 04 25 29.1000 29.9300 29.5500      1.2067       0.8600    2.6757            1
2022 04 26 29.0500 30.1000 29.6600      1.3307       0.9200    2.6757            1
2022 04 27 29.0200 30.0000 29.6300      1.2340       0.7900    2.6757            1
2022 04 28 29.0000 30.0000 29.5200      1.2737       0.8100    2.6757            1
2022 04 29 28.7700 29.8600 29.6000      1.1873       0.7300    2.6757            1
2022 04 30 28.5900 29.6900 29.3900      1.0800       0.5400    2.6757            1
2022 05 01 28.5500 29.4100 29.1300      0.9080       0.3000    2.6757            1
2022 05 02 28.3300 29.2000 28.8000      0.6773       0.0200    2.6757            1
2022 05 03 28.3300 29.1300 28.9600      0.6240       0.0300    2.6757            1
2022 05 04 28.2700 29.0600 28.8800      0.5770       0.0000    2.6757            1
2022 05 05 28.1300 28.8800 28.6300      0.4533       0.0000    2.6757            1
2022 05 06 27.9100 28.5800 28.3900      0.2540       0.0000    2.6757            1
2022 05 07 27.9700 28.6600 28.4900      0.3867       0.0000    2.6757            1
2022 05 08 27.7900 28.5100 28.1700      0.2047       0.0000    2.6757            1
2022 05 09 27.9600 28.5100 28.2500      0.2800       0.0000    2.6757            1
2022 05 10 28.0100 28.6400 28.2900      0.4650       0.0000    2.6757            0
2022 05 11 27.8800 28.5500 28.1800      0.3607       0.0000    2.6757            0
2022 05 12 27.6500 28.2800 28.0100      0.1160       0.0000    2.6757            0
2022 05 13 27.7800 28.3200 28.0800      0.2320       0.0000    2.6757            0
2022 05 14 27.7200 28.4500 27.9700      0.2770       0.0000    2.6757            0
2022 05 15 27.6900 28.2800 27.9500      0.3100       0.0000    2.6757            0
2022 05 16 27.5600 28.0500 27.8500      0.0706       0.0000    2.6757            0
2022 05 17 27.6800 28.1100 27.9100      0.1613       0.0000    2.6757            0
2022 05 18 27.6500 28.4100 27.9400      0.2510       0.0000    2.6757            0
2022 05 19 27.5100 28.2900 27.9100      0.3274       0.0000    2.6757            0
2022 05 20 27.5500 28.2300 27.9000      0.3200       0.0000    2.6757            0
2022 05 21 27.6500 28.2100 27.9500      0.3819       0.0000    2.6757            0
2022 05 22 27.5400 28.1900 28.0200      0.4987       0.0000    2.6757            0
2022 05 23 27.6000 28.2100 27.9100      0.5023       0.0000    2.6757            0
2022 05 24 27.5700 28.1400 27.9200      0.4800       0.0000    2.6757            0
2022 05 25 27.6700 28.1100 27.8800      0.5000       0.0000    2.6757            0
2022 05 26 27.6200 28.1100 27.8900      0.5335       0.0000    2.6757            0
2022 05 27 27.7400 28.1600 28.0600      0.7761       0.0000    2.6757            0
2022 05 28 27.5700 28.0100 27.8200      0.6416       0.0000    2.6757            0
2022 05 29 27.6100 28.1400 27.8100      0.6510       0.0000    2.6757            0
2022 05 30 27.6200 28.1100 27.8000      0.5900       0.0000    2.6757            0
2022 05 31 27.5800 28.0200 27.7400      0.7097       0.0000    2.6757            0
2022 06 01 27.5500 28.0400 27.7400      0.7535       0.0000    2.6757            0
2022 06 02 27.4800 27.9900 27.6700      0.5858       0.0000    2.6757            0
2022 06 03 27.4300 28.0000 27.7300      0.6823       0.0000    2.6757            0
2022 06 04 27.2700 27.8000 27.6300      0.6500       0.0000    2.6757            0
2022 06 05 27.1500 27.8300 27.4700      0.6297       0.0000    2.6757            0
2022 06 06 27.1300 27.8700 27.7000      0.7800       0.0000    2.6757            0
2022 06 07 26.9800 27.9900 27.8200      0.9348       0.0000    2.6757            0
2022 06 08 26.7000 28.1200 27.9100      1.0323       0.0000    2.6757            0
2022 06 09 26.7500 28.0100 27.6700      0.8658       0.0000    2.6757            0
2022 06 10 26.8800 27.9700 27.6300      0.8565       0.0000    2.6757            0
2022 06 11 27.0100 27.8300 27.4900      0.7865       0.0000    2.6757            0
2022 06 12 27.0300 27.6500 27.4300      0.7500       0.0000    2.6757            0
2022 06 13 26.9800 27.6100 27.2800      0.6626       0.0000    2.6757            0
2022 06 14 26.7000 27.3700 27.0600      0.5710       0.0000    2.6757            0
2022 06 15 26.7600 27.3100 27.0700      0.5400       0.0000    2.6757            0
2022 06 16 26.7000 27.2400 26.9900      0.4490       0.0000    2.6757            0
2022 06 17 26.7100 27.2700 27.0500      0.5327       0.0000    2.6757            0
2022 06 18 26.7900 27.4500 27.1000      0.6990       0.0000    2.6757            0
2022 06 19 26.4300 27.3600 27.0400      0.6120       0.0000    2.6757            0
2022 06 20 26.8100 27.5100 27.1700      0.7983       0.0000    2.6757            0
2022 06 21 26.7700 27.4800 27.0600      0.7400       0.0000    2.6757            0
2022 06 22 26.4300 27.2500 27.0800      0.7467       0.0000    2.6757            0
2022 06 23 26.2600 27.1300 26.7300      0.4227       0.0000    2.6757            0
2022 06 24 25.8400 26.7700 26.3700      0.1360       0.0000    2.6757            0
2022 06 25 26.1800 26.9400 26.4000      0.3067       0.0000    2.5229            0
2022 06 26 26.1200 26.8200 26.3100      0.2450       0.0000    2.3686            0
2022 06 27 25.9400 26.7400 26.2500      0.2380       0.0000    2.2143            0
2022 06 28 25.9400 26.6000 26.5100      0.3913       0.0000    2.0543            0
2022 06 29 25.8600 26.6400 26.3000      0.3560       0.0000    1.8829            0
2022 06 30 25.9600 26.6600 26.3300      0.3300       0.0000    1.7086            0
2022 07 01 25.8800 26.6900 26.1200      0.2267       0.0000    1.5314            0
2022 07 02 25.8400 26.4400 26.0800      0.1647       0.0000    1.3600            0
2022 07 03 25.6800 26.3400 26.0300      0.1740       0.0000    1.1914            0
2022 07 04 25.6100 26.3700 25.9000      0.1353       0.0000    1.0257            0
2022 07 05 25.3800 26.2400 25.6900     -0.0500       0.0000    0.8657            0
2022 07 06 25.4500 26.1000 25.6700     -0.0700       0.0000    0.6857            0
2022 07 07 25.4600 26.0600 25.6800     -0.0360       0.0000    0.5086            0
2022 07 08 25.2600 26.0700 25.6300     -0.0713       0.0000    0.3257            0
2022 07 09 25.4000 25.9600 25.6700      0.0060       0.0000    0.1514            0
2022 07 10 25.3300 26.1300 25.5900      0.0150       0.0000    0.0000            0
2022 07 11 25.2200 26.0700 25.5200     -0.0173       0.0000    0.0000            0
2022 07 12 25.1400 26.0200 25.5700      0.0280       0.0000    0.0000            0
2022 07 13 25.0800 25.9400 25.5700      0.0647       0.0000    0.0000            0
2022 07 14 24.8800 25.9500 25.5800      0.1223       0.0000    0.0000            0
2022 07 15 24.1200 25.8100 25.4900      0.0900       0.0000    0.0000            0
2022 07 16 25.1200 26.0200 25.5000      0.1161       0.0000    0.0000            0
2022 07 17 25.2700 25.9000 25.8600      0.4042       0.0000    0.0000            0
2022 07 18 25.3300 25.9000 25.6400      0.2435       0.0000    0.0000            0
2022 07 19 25.1800 25.8000 25.5900      0.2081       0.0000    0.0000            0
2022 07 20 25.2500 25.8800 25.6100      0.2642       0.0000    0.0000            0
2022 07 21 25.2200 25.7300 25.6400      0.3110       0.0000    0.0000            0
2022 07 22 25.2800 25.7500 25.6600      0.3416       0.0000    0.0000            0
2022 07 23 25.2600 25.8400 25.7100      0.3913       0.0000    0.0000            0
2022 07 24 25.1600 25.6900 25.5900      0.3465       0.0000    0.0000            0
2022 07 25 24.9600 25.6200 25.5000      0.2716       0.0000    0.0000            0
2022 07 26 25.1800 25.5900 25.5700      0.3232       0.0000    0.0000            0
2022 07 27 25.0400 25.5500 25.3900      0.1342       0.0000    0.0000            0
2022 07 28 25.0900 25.4900 25.4300      0.2661       0.0000    0.0000            0
2022 07 29 25.1200 25.4000 25.2800      0.0577       0.0000    0.0000            0
2022 07 30 25.1000 25.4800 25.2600      0.1439       0.0000    0.0000            0
2022 07 31 25.0100 25.5100 25.2600      0.1610       0.0000    0.0000            0
2022 08 01 25.0900 25.5900 25.3400      0.2539       0.0000    0.0000            0
2022 08 02 25.0500 25.6700 25.5300      0.3658       0.0000    0.0000            0
2022 08 03 24.8900 25.4600 25.4200      0.2723       0.0000    0.0000            0
2022 08 04 24.7600 25.4300 25.1000      0.0097       0.0000    0.0000            0
2022 08 05 24.6500 25.3800 25.0700      0.0306       0.0000    0.0000            0
2022 08 06 24.7100 25.4600 25.1000      0.0406       0.0000    0.0000            0
2022 08 07 24.6500 25.3500 25.2600      0.1597       0.0000    0.0000            0
2022 08 08 24.6000 25.4800 25.1800      0.1239       0.0000    0.0000            0
2022 08 09 24.5500 25.4400 24.9900     -0.0510       0.0000    0.0000            0
2022 08 10 24.6500 25.3200 24.9100     -0.0706       0.0000    0.0000            0
2022 08 11 24.8000 25.4000 25.0600      0.0681       0.0000    0.0000            0
2022 08 12 24.6200 25.3200 25.0100      0.0426       0.0000    0.0000            0
2022 08 13 24.8500 25.4100 25.1200      0.1397       0.0000    0.0000            0
2022 08 14 24.7500 25.3400 24.9800      0.0639       0.0000    0.0000            0
2022 08 15 24.6100 25.1600 24.9600      0.0000       0.0000    0.0000            0
2022 08 16 24.3700 25.4400 25.1800      0.2023       0.0000    0.0000            0
2022 08 17 24.7300 25.7100 25.4800      0.5519       0.0000    0.0000            0
2022 08 18 24.9100 25.6100 25.5200      0.5639       0.0000    0.0000            0
2022 08 19 25.2400 25.7700 25.5500      0.5652       0.0000    0.0000            0
2022 08 20 25.2600 25.8200 25.5800      0.6148       0.0000    0.0000            0
2022 08 21 25.1600 25.7500 25.4300      0.4577       0.0000    0.0000            0
2022 08 22 25.2200 25.8900 25.5400      0.5568       0.0000    0.0000            0
2022 08 23 25.0900 25.6800 25.4200      0.4303       0.0000    0.0000            0
2022 08 24 25.0400 25.6100 25.4400      0.4003       0.0000    0.0000            0
2022 08 25 24.9400 25.5300 25.3100      0.2997       0.0000    0.0000            0
2022 08 26 25.0000 25.5100 25.3200      0.2842       0.0000    0.0000            0
2022 08 27 25.0100 25.6400 25.3500      0.2961       0.0000    0.0000            0
2022 08 28 24.9200 25.5200 25.2300      0.2126       0.0000    0.0000            0
2022 08 29 24.9500 25.5700 25.4700      0.2523       0.0000    0.0000            0
2022 08 30 25.0100 25.6300 25.3500      0.2794       0.0000    0.0000            0
2022 08 31 24.9700 25.7800 25.3600      0.2955       0.0000    0.0000            0
2022 09 01 24.9400 25.6000 25.4600      0.2661       0.0000    0.0000            0
2022 09 02 24.8700 25.5300 25.2600      0.0435       0.0000    0.0000            0
2022 09 03 24.7800 25.4900 25.4000      0.0919       0.0000    0.0000            0
2022 09 04 24.7900 25.4800 25.2000     -0.0152       0.0000    0.0000            0
2022 09 05 24.7800 25.5400 25.2500      0.0529       0.0000    0.0000            0
2022 09 06 24.7900 25.4800 25.4100      0.0635       0.0000    0.0000            0
2022 09 07 24.7600 25.6900 25.3400      0.0258       0.0000    0.0000            0
2022 09 08 24.8500 25.6000 25.4000      0.0958       0.0000    0.0000            0
2022 09 09 24.9200 25.7300 25.5800      0.2735       0.0000    0.0000            0
2022 09 10 24.9900 25.8100 25.5500      0.2429       0.0000    0.0000            0
2022 09 11 24.9100 25.8600 25.4200      0.2761       0.0000    0.0000            0
2022 09 12 25.0000 25.9700 25.5400      0.1987       0.0000    0.0000            0
2022 09 13 24.9500 25.7400 25.5700      0.2258       0.0000    0.0000            0
2022 09 14 24.9300 26.0500 25.7400      0.3826       0.0000    0.0000            0
2022 09 15 25.0300 26.1400 25.7700      0.3900       0.0000    0.0000            0
2022 09 16 25.0000 26.2900 25.6700      0.1600       0.0000    0.0000            0
2022 09 17 25.1500 26.1900 25.7300      0.2200       0.0000    0.0000            0
2022 09 18 25.2000 26.3300 25.9800      0.5190       0.0000    0.0000            0
2022 09 19 25.2200 26.4500 26.0300      0.5287       0.0000    0.0000            0
2022 09 20 25.2800 26.3300 26.0700      0.5300       0.0000    0.0000            0
2022 09 21 25.3600 26.5200 25.9200      0.5440       0.0000    0.0000            0
2022 09 22 25.4000 26.3800 26.0300      0.6323       0.0000    0.0000            0
2022 09 23 25.5300 26.9200 26.3100      0.7027       0.0000    0.0000            0
2022 09 24 25.5600 26.4300 26.1000      0.6560       0.0000    0.0000            0
2022 09 25 25.5500 26.4200 26.1700      0.3833       0.0000    0.0000            0
2022 09 26 25.4600 26.7600 26.2400      0.5520       0.0000    0.0000            0
2022 09 27 25.3900 26.5500 26.3300      0.4700       0.0000    0.0000            0
2022 09 28 25.2700 26.4300 26.2300      0.3687       0.0000    0.0000            0
2022 09 29 25.1400 26.5700 25.9200      0.3247       0.0000    0.0000            0
2022 09 30 25.2500 26.6400 26.2200      0.3450       0.0000    0.0000            0
2022 10 01 25.2000 26.5100 26.0700      0.1053       0.0000    0.0000            0
2022 10 02 25.1900 26.4400 26.1900      0.3397       0.0000    0.0000            0
2022 10 03 25.0700 26.3100 26.0200     -0.0200       0.0000    0.0000            0
2022 10 04 25.2400 26.6000 26.1500      0.1263       0.0000    0.0000            0
2022 10 05 25.3100 26.6200 26.2400      0.1567       0.0000    0.0000            0
2022 10 06 25.4000 26.6400 26.0500      0.2470       0.0000    0.0000            0
2022 10 07 25.3800 26.6500 26.4100      0.3627       0.0000    0.0000            0
2022 10 08 25.3600 26.7200 26.2800      0.1853       0.0000    0.0000            0
2022 10 09 25.4300 26.6400 26.2700      0.0860       0.0000    0.0000            0
2022 10 10 25.4000 26.6300 26.3200      0.1733       0.0000    0.0000            0
2022 10 11 25.5000 26.6700 26.2600      0.1360       0.0000    0.0000            0
2022 10 12 25.4300 26.6300 26.0700      0.0800       0.0000    0.0000            0
2022 10 13 25.3400 26.4100 26.0700      0.0500       0.0000    0.0000            0
2022 10 14 25.2900 26.4400 25.9900     -0.0503       0.0000    0.0000            0
2022 10 15 25.4300 26.5000 26.3300      0.0500       0.0000    0.0000            0
2022 10 16 25.3700 26.9800 26.4500      0.0594       0.0000    0.0000            0
2022 10 17 25.3900 26.8700 26.4000     -0.0113       0.0000    0.0000            0
2022 10 18 25.5800 26.8200 26.4300     -0.0400       0.0000    0.0000            0
2022 10 19 25.6300 26.9100 26.4800      0.0174       0.0000    0.0000            0
2022 10 20 25.6000 26.9800 26.4600     -0.0868       0.0000    0.0000            0
2022 10 21 25.5700 26.8800 26.3700     -0.2019       0.0000    0.0000            0
2022 10 22 25.7600 27.0100 26.7200      0.2413       0.0000    0.0000            0
2022 10 23 25.7900 26.8500 26.6400      0.1529       0.0000    0.0000            0
2022 10 24 25.9900 27.0100 26.7800      0.1916       0.0000    0.0000            0
2022 10 25 26.0500 27.2100 26.7600      0.0465       0.0000    0.0000            0
2022 10 26 26.1200 27.3700 26.8600      0.2023       0.0000    0.0000            0
2022 10 27 26.1900 27.3200 26.9600      0.2855       0.0000    0.0000            0
2022 10 28 26.1100 27.2700 27.0000      0.3148       0.0000    0.0000            0
2022 10 29 26.1400 27.8200 27.1700      0.4529       0.0000    0.0000            0
2022 10 30 26.0200 27.6100 27.4000      0.6394       0.0000    0.0000            0
2022 10 31 26.2300 27.9200 27.4700      0.7158       0.0000    0.0000            0
2022 11 01 26.2500 27.7100 27.4700      0.7419       0.0000    0.0000            0
2022 11 02 26.1500 27.7000 27.1800      0.3352       0.0000    0.0000            0
2022 11 03 26.3100 27.6300 27.4200      0.6145       0.0000    0.0000            0
2022 11 04 26.3300 27.9000 27.4700      0.6094       0.0000    0.0000            0
2022 11 05 26.3100 28.1700 27.6000      0.6171       0.0000    0.0000            0
2022 11 06 26.2700 28.1000 27.7100      0.7926       0.0000    0.0000            0
2022 11 07 26.1100 28.1300 27.6600      0.6597       0.0000    0.0000            0
2022 11 08 26.3700 28.3400 27.8200      0.8787       0.0000    0.0000            0
2022 11 09 26.5300 28.3800 27.7900      0.7842       0.0000    0.0000            0
2022 11 10 26.5300 28.2100 27.5700      0.5919       0.0000    0.0000            0
2022 11 11 26.4900 27.8800 27.4700      0.3377       0.0000    0.0000            0
2022 11 12 26.6800 28.3700 27.8900      0.7681       0.0000    0.0000            0
2022 11 13 26.8000 28.3500 27.9600      0.8674       0.0000    0.0000            0
2022 11 14 26.9400 28.7500 27.9100      0.8229       0.0000    0.0000            0
2022 11 15 26.8800 28.5100 28.0500      0.7400       0.0000    0.0000            0
2022 11 16 26.8500 28.5000 27.8800      0.6997       0.0000    0.0000            0
2022 11 17 26.9900 28.5100 28.1200      0.9600       0.0000    0.0000            0
2022 11 18 27.0400 28.3700 27.9900      0.6510       0.0000    0.0000            0
2022 11 19 27.1000 28.2900 27.9100      0.5893       0.0000    0.0000            0
2022 11 20 27.2100 28.2500 27.9900      0.8167       0.0000    0.0000            0
2022 11 21 27.1900 28.2500 27.9600      0.7360       0.0000    0.0000            0
2022 11 22 27.2800 28.3300 27.8300      0.6823       0.0000    0.0000            0
2022 11 23 27.3400 28.3500 27.8100      0.5900       0.0000    0.0000            0
2022 11 24 27.4000 28.4800 27.9600      0.7300       0.0000    0.0000            0
2022 11 25 27.3900 28.6800 28.0100      0.7100       0.0000    0.0000            0
2022 11 26 27.4100 28.7000 28.0500      0.7370       0.0000    0.0000            0
2022 11 27 27.4600 28.7600 28.3100      0.9360       0.0000    0.0000            0
2022 11 28 27.4900 28.7000 28.3200      0.9190       0.0000    0.0000            0
2022 11 29 27.4600 28.5700 28.0500      0.6980       0.0000    0.0000            0
2022 11 30 27.4700 28.5000 28.3400      0.9900       0.0000    0.0000            0
2022 12 01 27.3200 28.6900 28.3800      1.0613       0.0000    0.0000            0
2022 12 02 27.5200 28.5000 28.3500      0.9657       0.0000    0.0000            0
2022 12 03 27.7000 28.7800 28.4000      1.0440       0.0000    0.0000            0
2022 12 04 27.7700 28.9900 28.5200      1.0843       0.0000    0.0000            0
2022 12 05 27.3700 28.8700 28.3900      0.9900       0.0000    0.0000            0
2022 12 06 27.4300 28.8300 28.4900      1.0410       0.0000    0.0000            0
2022 12 07 27.7300 28.9700 28.5500      1.0953       0.0000    0.0000            0
2022 12 08 27.8200 28.9800 28.5400      1.1277       0.0000    0.0000            0
2022 12 09 27.8300 29.1100 28.4800      0.9980       0.0000    0.0000            0
2022 12 10 27.8300 28.8700 28.5300      1.0533       0.0000    0.0000            0
2022 12 11 28.0000 29.0600 28.6000      1.1273       0.0000    0.0000            0
2022 12 12 27.7800 29.3600 28.7200      1.2210       0.0000    0.0000            0
2022 12 13 27.5800 29.1100 28.4300      1.0100       0.0000    0.0000            0
2022 12 14 27.6400 29.1000 28.4800      0.9663       0.0000    0.0000            0
2022 12 15 27.4300 29.0500 28.4500      0.9300       0.0000    0.0000            0
2022 12 16 27.5200 28.7900 28.4200      0.9132       0.0000    0.0000            0
2022 12 17 27.4300 28.6300 28.2600      0.7432       0.0000    0.0000            0
2022 12 18 27.3600 28.7400 28.1500      0.6065       0.0000    0.0000            0
2022 12 19 27.2300 28.6100 28.3700      0.5423       0.0000    0.0000            0
2022 12 20 27.1600 28.6600 28.2300      0.5339       0.0000    0.0000            0
2022 12 21 27.1400 28.8200 27.9900      0.6481       0.0000    0.0000            0
2022 12 22 27.0700 28.6500 28.1000      0.6703       0.0000    0.0000            0
2022 12 23 26.8800 28.3200 28.2100      0.9255       0.0000    0.0000            0
2022 12 24 26.9200 28.4900 28.0200      0.5094       0.0000    0.0000            0
2022 12 25 26.9000 28.6000 28.3600      0.6239       0.0000    0.0000            0
2022 12 26 26.9900 28.5300 28.0900      0.6142       0.0000    0.0000            0
2022 12 27 27.2400 28.7200 28.2600      0.7916       0.0000    0.0000            0
2022 12 28 27.1100 28.8300 28.5500      0.9081       0.0000    0.0000            0
2022 12 29 27.1300 28.8900 28.4000      0.9565       0.0000    0.0000            0
2022 12 30 27.2200 28.9100 28.5000      1.0245       0.0000    0.0000            0
2022 12 31 27.3000 29.0400 28.6000      1.1355       0.0000    0.0000            0
2023 01 01 27.5400 29.0100 28.5400      1.0545       0.0000    0.0000            0
2023 01 02 27.5900 28.9300 28.3900      0.8774       0.0000    0.0000            0
2023 01 03 27.4900 28.9500 28.6000      1.5455       0.0000    0.0000            0
2023 01 04 27.6500 28.6800 28.2800      0.7794       0.0000    0.0000            0
2023 01 05 27.2000 28.5400 28.3200      0.6755       0.0000    0.0000            0
2023 01 06 26.8000 28.3400 28.0000      0.5426       0.0000    0.0000            0
2023 01 07 26.8300 28.3900 27.9000      0.7252       0.0000    0.0000            0
2023 01 08 26.7300 28.2500 27.9300      0.4887       0.0000    0.0000            0
2023 01 09 26.4400 28.4000 27.9700      0.5229       0.0000    0.0000            0
2023 01 10 26.5500 28.4300 28.0300      0.5874       0.0000    0.0000            0
2023 01 11 26.6400 28.5500 28.1500      0.7268       0.0000    0.0000            0
2023 01 12 26.6000 28.6200 28.2300      0.9658       0.0000    0.0000            0
2023 01 13 26.9300 28.7800 28.3300      0.8555       0.0000    0.0000            0
2023 01 14 26.9300 28.5400 28.1900      0.7287       0.0000    0.0000            0
2023 01 15 26.9100 28.5100 28.1600      0.6700       0.0000    0.0000            0
2023 01 16 26.7600 28.4000 27.9800      0.5697       0.0000    0.0000            0
2023 01 17 26.6300 28.5000 28.0400      0.5361       0.0000    0.0000            0
2023 01 18 26.4500 28.1600 27.8900      0.4200       0.0000    0.0000            0
2023 01 19 26.3500 28.3900 28.0100      1.2535       0.0000    0.0000            0
2023 01 20 26.6100 28.1600 27.8300      0.3852       0.0000    0.0000            0
2023 01 21 26.6500 28.1700 27.7400      0.2861       0.0000    0.0000            0
2023 01 22 26.1900 27.9200 27.5800      0.2458       0.0000    0.0000            0
2023 01 23 25.8600 27.6100 27.3300      0.2487       0.0000    0.0000            0
2023 01 24 25.5600 27.5900 27.2200     -0.2952       0.0000    0.0000            0
2023 01 25 25.9400 27.9400 27.4200     -0.0871       0.0000    0.0000            0
2023 01 26 25.7300 27.7000 27.3500     -0.1674       0.0000    0.0000            0
2023 01 27 25.5600 27.7500 27.2400     -0.2839       0.0000    0.0000            0
2023 01 28 25.3900 27.3600 27.0200     -0.4835       0.0000    0.0000            0
2023 01 29 25.3400 27.4600 27.0100     -0.5300       0.0000    0.0000            0
2023 01 30 25.2600 27.6700 27.1200     -0.4348       0.0000    0.0000            0
2023 01 31 25.3800 27.5500 27.0500     -0.5090       0.0000    0.0000            0
2023 02 01 25.5300 27.5600 27.1300     -0.4316       0.0000    0.0000            0
2023 02 02 25.5900 27.6000 27.2200     -0.2865       0.0000    0.0000            0
2023 02 03 25.6100 27.7900 27.6800      0.2377       0.0000    0.0000            0
2023 02 04 25.7200 27.9800 27.4300      0.0387       0.0000    0.0000            0
2023 02 05 25.9300 28.0100 27.5000      0.1335       0.0000    0.0000            0
2023 02 06 25.9400 28.3900 27.9300      0.4990       0.0000    0.0000            0
2023 02 07 25.8900 27.9000 27.5400      0.3094       0.0000    0.0000            0
2023 02 08 25.8600 27.6700 27.4000     -0.2400       0.0000    0.0000            0
2023 02 09 25.9100 27.9400 27.7200      0.0639       0.0000    0.0000            0
2023 02 10 25.8900 28.0900 27.7600      0.2329       0.0000    0.0000            0
2023 02 11 26.0700 27.9800 27.6900      0.0274       0.0000    0.0000            0
2023 02 12 25.9900 27.7100 27.4800     -0.0342       0.0000    0.0000            0
2023 02 13 25.9000 27.6100 27.3200     -0.2616       0.0000    0.0000            0
2023 02 14 25.9200 27.4300 27.3200      0.7816       0.0000    0.0000            0
2023 02 15 25.7700 27.4800 27.0200     -0.4400       0.0000    0.0000            0
2023 02 16 25.7000 27.6000 27.1900     -0.5646       0.0000    0.0000            0
2023 02 17 25.7300 27.6000 27.2600     -0.2243       0.0000    0.0000            0
2023 02 18 25.9100 27.8000 27.3300     -0.4650       0.0000    0.0000            0
2023 02 19 25.9600 27.6700 27.3800     -0.3200       0.0000    0.0000            0
2023 02 20 25.9400 27.7700 27.4300     -0.4068       0.0000    0.0000            0
2023 02 21 26.1000 27.9300 27.3800     -0.4900       0.0000    0.0000            0
2023 02 22 25.9700 27.8500 27.4400     -0.4575       0.0000    0.0000            0
2023 02 23 26.1600 27.9900 27.6200     -0.3071       0.0000    0.0000            0
2023 02 24 26.1100 28.1700 27.7900     -0.1314       0.0000    0.0000            0
2023 02 25 26.3500 28.1800 27.9100      0.1429       0.0000    0.0000            0
2023 02 26 26.3200 28.1300 27.7700     -0.1386       0.0000    0.0000            0
2023 02 27 26.4000 27.7600 27.5200     -0.4257       0.0000    0.0000            0
2023 02 28 26.3900 27.9100 27.5500     -0.4129       0.0000    0.0000            0
